(C001)(C012 C011 C007 C006):(7 39 6 5 91 79 3 13 14 32 8 95 22 64 93 28 55)
(C004)(C012 C011):(7 39 6 1 79 3 13 32 8 2 95 22 17)
(C009)(C012 C011 C007 C002):(39 6 5 1 30 91 79 3 13 14 32 29 8 2 22 78 17 64 93 88 51 46 99)
(C011)(C012 C006):(7 39 6 1 79 13 32 29 8 28 55)
(C012)(C003 C002):(84 64 88 93 51 46 99)
(C002)(C012):(6 30 91 79 3 13 2)
(C003)(C012):(7 39 6 1 30 29 8)
(C005)(C012):(7 39 6 5 1 30 79 32 2)
(C006)(C012):(7 6 1 91 3 32 29 8)
(C007)(C012):(5 91 79 3 13 14 29 8)
(C010)(C012):(7 39 5 30 3 13 32 8 2)
